2 4 1 3 6 2 5 

---------------------


|2 4 1 3 6 2 5 |
pivot:2
2<->2
2 4 1 3 6 2 5 
4<->1
2 1 4 3 6 2 5 
左半分1

|2 1 4| 3 6 2 5 
pivot:2
2<->1
1 2 4 3 6 2 5 
左半分2

|1 2| 4 3 6 2 5 
pivot:1
左半分3
右半分3
右半分2

1 |2 4| 3 6 2 5 
pivot:2
左半分4
右半分4
右半分1

1 2 |4 3 6 2 5 |
pivot:4
4<->2
1 2 2 3 6 4 5 
左半分5

1 2 |2 3 6| 4 5 
pivot:2
左半分6
右半分6

1 2 2 |3 6| 4 5 
pivot:3
左半分7
右半分7
右半分5

1 2 2 3 |6 4 5 |
pivot:6
6<->5
1 2 2 3 5 4 6 
左半分8

1 2 2 3 |5 4 6| 
pivot:5
5<->4
1 2 2 3 4 5 6 
左半分9

1 2 2 3 |4 5| 6 
pivot:4
左半分10
右半分10
右半分9

1 2 2 3 4 |5 6| 
pivot:5
左半分11
右半分11
右半分8

1 2 2 3 4 5 |6 |
pivot:6
左半分12
右半分12
1 2 2 3 4 5 6 

end.
